[cam_0]
name = "A"
size = [ 960, 960,]
matrix = [ [ 6731.991508876004, 0.0, 479.5,], [ 0.0, 6731.991508876004, 479.5,], [ 0.0, 0.0, 1.0,],]
distortions = [ 0.3494493925553654, 0.0, 0.0, 0.0,]
rotation = [ 0.0002549068148358127, -0.0006061210382529684, -0.007603831496108684,]
translation = [ 0.9063786035492791, 0.1899904569278171, -50.703093936960116,]
fisheye = true

[cam_1]
name = "B"
size = [ 960, 960,]
matrix = [ [ 3433.629244425064, 0.0, 479.5,], [ 0.0, 3433.629244425064, 479.5,], [ 0.0, 0.0, 1.0,],]
distortions = [ 0.20790085873215866, 0.0, 0.0, 0.0,]
rotation = [ -0.4931794693417272, 0.001235755454591662, 0.07051657652782072,]
translation = [ 21.346998188156363, -502.883939608601, -314.5173850016416,]
fisheye = true

[metadata]
